8124929
7233538
5475844
2517508
1557005
5499918
2578450
8751123
8782360
6159898
5509658
8796702
8714274
6214178
5504034
5461539
8714278
8831015
6198824
8799271
2334250
8629798
6840358
5507577
6167091
5507635
6173749
8741431
8770616
6212666
6160958
2314305
6183491
6122563
8884808
1467978
6181451
5508171
8733261
7243854
5508175
8696918
5425239
6837337
6197338
1410138
6837338
1506397
7221340
8700000
6180961
2146402
5500515
5502050
5407337
2567786
2595948
2574448
8735858
8337013
2269814
8751734
6176376
6210682
2258555
2453117
7236739
8732803
1806472
8824457
5497998
2567313
5472402
8701084
7244960
6837921
8755363
6154920
7244458
6174895
8329904
6178481
6168242
8721075
6213300
6169781
5410995
7246008
2451641
8630971
6133948
5428413
6837446
6160072
8712905
6214861
5511885
2505423
6194384
6213843
8635092
5412566
2422999
5462742
2542299
1737436
6183645
8634590
1898207
6182113
6179041
1463015
8689896
2387179
6849776
1398001
8628981
5460725
8784119
8726264
5501688
7233788
6194430
2533119
8722694
8795910
6178569
8332043
8706830
5501710
8703763
5508885
5420310
1507606
8633113
6209306
5422364
8319264
6175009
6211878
5502250
9035569
5475636
8791348
5410614
6173495
1459513
5509666
8882493
1402175
5508929
6191427
2344771
6163781
1899846
6214471
6210377
6173515
2292043
2473293
8357195
8707406
2316625
6162770
6155090
2281809
6162775
7221592
6207834
8894811
8734044
8710498
8330594
6161764
8711013
8636267
2573164
6160749
7233396
5501813
5428598
5418358
5459832
5506937
6208379
8709502
8824191
2115456
7219594
5420942
6195088
6182288
1420178
8887186
8894358
6174103
8717725
7238046
2416541
8747933
6185377
5415841
8797090
6160804
6183333
2489253
6160807
5498783
6160300
7340973
8760748
8880047
8892335
1420209
8314288
6185395
6186419
8736699
6851003
8862139
5496254
7220673
5494724
6833607
8752075
1361356
5466573
1958351
6836691
6201813
8334296
8635353
8712669
6190559
8706532
8697318
6212073
2497002
5456874
1733615
6190578
8838643
1873908
6162421
6121508
5418487
2488312
5502969
